SCAF4	SFPQ	TIA1	THOC1	GPATCH1	LUC7L	UPF3A	U2AF1	SON	HNRNPA2B1	PTBP3	QKI	CCNT2
TCGA.02.0003	5.0563	8.8867	8.072	8.4807	5.762	6.9705	6.0833	10.2154	9.0352	11.6569	4.484	7.5979	5.4873
TCGA.02.0011	5.9254	9.0481	8.0551	8.8738	6.4302	7.6099	6.9726	10.4366	9.212	12.2804	6.4063	6.8861	6.3748
TCGA.02.0026	5.8946	9.8341	8.7411	8.9512	7.0524	8.2384	8.0338	10.4732	10.1376	12.0541	4.7827	10.2164	6.7208
TCGA.02.0046	4.4153	7.9833	8.7217	8.6719	5.3428	6.8275	5.3112	9.5841	7.6485	10.9798	4.6327	7.0645	6.4994
TCGA.02.0047	5.6419	7.5285	7.7571	8.8151	6.8394	6.8769	5.9297	8.9659	8.9622	10.98	5.6601	4.5923	6.1362
TCGA.02.0048	4.735	9.0322	8.6158	8.3414	5.8656	8.2165	8.222	10.1896	9.5529	11.6323	4.0394	9.5455	6.4421
TCGA.02.0060	5.2733	8.6505	7.9054	8.1256	5.5178	6.8493	6.1663	9.7761	8.8889	11.4913	5.0684	8.4012	5.8105
TCGA.02.0069	5.3156	9.6876	8.4727	8.1768	6.9716	8.5834	7.2165	10.0302	9.4808	11.6037	4.5652	10.6232	6.3957
TCGA.02.0074	5.0505	8.819	8.4695	8.8578	6.2213	7.7572	7.8431	10.124	9.5466	11.6922	4.6751	10.2156	6.3083
TCGA.02.0084	5.2867	9.2988	8.1624	8.4435	7.2446	7.7926	7.3541	9.399	9.9561	11.3375	4.1497	9.8234	6.1986
TCGA.02.0087	5.3045	9.359	8.275	8.8676	6.8884	7.986	7.4849	9.4762	9.5763	11.2079	4.4394	9.7354	5.7395
TCGA.02.0104	5.0758	9.2081	9.9833	9.2539	5.97	8.3571	6.7713	9.9077	8.9881	11.316	4.5784	8.503	6.7743
TCGA.02.0258	4.897	9.6566	7.6964	8.4041	7.0203	8.4631	7.5717	10.1009	9.1746	10.9345	4.146	9.5371	5.9337
TCGA.02.0281	5.9413	10.0365	9.0232	9.6947	7.4825	8.4534	8.4211	10.7398	9.5215	11.8267	4.9212	10.0972	6.8951
TCGA.02.0321	4.9312	8.5132	7.9451	8.5492	6.4107	6.4058	6.7278	10.3479	8.8605	10.6754	4.065	9.005	5.6812
TCGA.02.0325	5.7473	9.852	8.0549	9.5076	6.843	8.7628	6.9958	10.0792	10.4446	11.8917	4.2648	9.613	6.5891
TCGA.02.0338	4.8666	10.04	8.0803	8.6609	7.2991	8.0258	7.5016	10.7626	9.5807	12.0503	4.6839	9.7143	6.1362
TCGA.02.0339	4.6779	9.882	8.667	8.6521	6.8615	8.2912	6.8227	9.8817	9.0653	11.7006	4.1247	9.7796	6.7087
TCGA.02.0432	4.9155	8.4696	7.4476	8.0618	6.1138	7.9102	7.6428	9.9345	9.3445	10.9148	4.1341	9.1926	5.5619
TCGA.02.0439	4.5623	8.5177	7.158	8.2976	6.3578	7.5589	7.4961	10.0104	9.1835	11.2722	4.2365	9.4206	5.6433
TCGA.02.0440	4.4778	8.8409	8.144	8.3156	6.2385	7.6941	6.6262	10.4289	9.1324	11.5699	4.1981	9.3529	6.1239
TCGA.02.0446	4.625	7.8226	7.8262	8.438	6.5057	7.1231	6.1997	10.2751	8.9374	11.5286	4.6878	9.4918	5.4998
TCGA.02.2466	4.8131	9.0976	9.0578	8.9187	6.1475	7.6998	6.8753	10.5013	9.3772	11.583	4.22	9.6306	6.1343
TCGA.02.2483	5.0217	8.6871	8.6025	8.3497	7.0431	6.9466	7.0546	10.3564	9.3923	11.6504	4.5122	9.857	6.0958
TCGA.06.0128	4.8671	8.7141	8.8796	8.9101	5.9108	7.7619	6.922	9.5657	9.1424	10.8826	4.4995	9.9169	6.6441
TCGA.06.0129	5.298	9.8314	9.4101	9.0698	6.6292	8.2207	7.7326	10.377	9.758	11.8858	4.5462	10.6574	7.0087
TCGA.06.0146	5.3674	9.891	8.1395	8.5423	6.7954	8.6709	7.6142	10.1255	9.7095	11.4187	4.1744	9.9108	5.9384
TCGA.06.0156	4.9911	8.615	8.2736	8.6991	6.156	7.3821	6.7842	9.8124	9.4915	11.3104	4.6101	9.7779	6.0773
TCGA.06.0166	4.4256	8.0465	8.194	8.2144	6.4502	6.933	5.7818	9.884	9.147	11.2786	4.4277	9.5304	5.6523
TCGA.06.0174	4.7632	8.3846	8.7093	8.1836	7.0403	6.9366	6.0064	9.9773	9.1231	11.296	4.4551	9.9022	6.1264
TCGA.06.0177	5.8598	9.9869	8.2945	9.1956	6.9003	7.9533	7.307	10.4707	9.5378	11.7125	4.4167	9.7443	6.2586
TCGA.06.0216	4.3944	8.2438	7.5338	8.5084	6.7181	7.7919	7.5758	10.2539	9.2947	11.2025	4.4486	8.9039	5.4311
TCGA.06.0238	4.6191	8.8073	8.7161	8.2903	6.0753	7.5405	6.3537	9.8955	9.0228	11.5093	4.5694	9.6889	5.8145
TCGA.06.0241	4.7775	8.5111	8.5179	8.2266	6.6464	7.0978	6.4695	9.8684	9.006	11.271	4.2747	9.9252	6.0364
TCGA.06.0410	4.7312	8.6644	8.7234	8.6825	6.6699	7.5558	6.5139	10.0322	8.4644	10.8593	4.2409	9.8316	6.047
TCGA.06.0413	5.9367	9.7875	8.325	8.7476	6.9555	7.9559	7.4322	10.3005	9.7269	12.032	4.7532	10.4072	6.4728
TCGA.06.0414	4.7845	9.0879	8.4685	8.8047	5.9729	7.4986	6.098	10.3286	8.7695	11.3788	4.1532	9.8611	6.2039
TCGA.06.0646	4.9433	8.3767	7.9775	8.1801	6.3435	7.4741	7.3331	9.974	9.5797	11.6609	4.7823	9.6788	6.0743
TCGA.06.0648	4.6899	9.0416	8.4099	8.4464	6.3841	7.9722	7.2627	10.2246	9.4158	11.8673	4.186	9.6104	6.2834
TCGA.06.0686	4.5888	8.7588	7.7672	8.8848	6.0089	7.0028	6.1674	10.1375	8.8945	11.2237	4.7656	9.7856	5.8187
TCGA.06.0745	4.3499	8.4558	7.7933	8.2622	5.77	8.139	6.6481	9.9686	8.6815	10.5907	4.3082	8.894	5.8299
TCGA.06.0875	4.448	8.5411	8.179	8.8914	6.7467	7.2574	6.5008	9.8081	8.6073	11.774	4.311	9.7474	6.0098
TCGA.06.1087	6.4471	10.3642	9.2471	9.9763	7.1664	7.7708	7.4191	10.8786	9.4352	12.1702	4.9742	7.7019	6.6929
TCGA.06.1801	4.6822	8.8265	8.0983	8.4907	6.6027	7.8029	7.1367	9.9253	9.1751	11.8959	4.5779	9.6979	5.9165
TCGA.06.1805	5.3974	9.1737	8.4059	9.015	6.2492	7.7754	6.7	9.5878	9.6731	11.5474	4.6036	9.836	6.2714
TCGA.06.2558	4.7222	8.2703	9.0781	8.4735	6.4357	7.638	6.8664	9.9529	8.8749	11.4773	4.5504	9.5369	6.7517
TCGA.06.2559	5.4829	9.0698	9.0007	8.773	6.8523	8.0424	7.0095	10.1484	9.2947	11.6615	4.395	9.6777	6.6574
TCGA.06.2570	5.1904	9.4389	9.3784	8.6615	6.8431	8.0412	8.0355	9.9616	9.7378	11.6859	4.3664	10.169	7.0314
TCGA.06.5416	4.3243	8.1077	6.9382	8.8406	6.1062	8.1144	7.4665	9.9625	8.7622	11.6789	4.5224	9.6089	5.4125
TCGA.06.5417	4.3643	8.6747	8.2627	8.5596	6.6307	7.6503	7.1208	9.5052	8.7116	11.7154	4.6927	10.041	6.3177
TCGA.06.6389	4.9914	8.2269	7.7053	8.2649	6.7429	6.9761	7.4323	9.5035	9.2691	11.8091	4.4468	10.3946	6.4721
TCGA.06.6391	4.9117	8.749	8.1199	7.9556	6.1693	7.1054	7.5187	9.552	9.0458	12.0631	4.418	10.1334	5.9933
TCGA.08.0245	4.8178	8.6983	8.9186	8.4398	5.9005	7.8438	6.6736	10.5209	9.5346	12.0999	4.5239	10.0412	5.9559
TCGA.08.0344	4.433	8.0787	7.2373	7.6001	5.5831	8.4102	6.9391	10.3448	9.5501	11.404	4.2841	9.9638	6.5068
TCGA.08.0345	4.1238	7.782	7.4857	7.7635	5.6141	6.7913	6.4634	9.8078	9.4453	11.7764	4.7187	9.6245	5.7309
TCGA.08.0347	4.52	7.5622	7.5633	7.7731	6.2381	7.0883	5.895	9.7541	9.3518	11.579	4.8819	9.9614	5.3797
TCGA.08.0348	4.6067	8.4507	7.8526	8.3713	6.4962	7.7747	7.009	10.0286	9.5601	12.0819	4.625	9.9361	6.0131
TCGA.08.0350	5.2487	8.6082	7.7194	7.7117	5.723	7.3201	7.2717	10.1431	9.5977	11.7672	4.0773	10.0559	5.2915
TCGA.08.0351	4.9314	7.9894	7.4162	7.8177	6.6665	7.5004	6.6486	9.7289	9.3804	11.0145	4.2181	9.4807	5.1963
TCGA.08.0353	4.3265	8.3868	8.1255	8.0423	6.0402	7.814	7.4996	10.5212	9.4668	11.9848	4.516	9.3665	5.6959
TCGA.08.0359	4.583	8.1063	7.5339	7.7292	6.2696	6.8603	6.0812	9.673	9.427	11.7217	4.2928	9.6939	5.5087
TCGA.08.0385	4.6535	7.8173	7.5603	7.7361	6.1046	7.4836	6.8787	10.1032	9.0359	11.1896	4.2228	10.143	5.5011
TCGA.08.0524	4.7101	8.8064	7.9971	8.5763	6.9045	8.5468	7.5436	10.4485	9.042	11.8584	4.1873	9.8186	5.8362
TCGA.12.0616	4.6469	8.5365	8.6618	8.4441	5.8073	7.751	6.664	9.8592	9.2074	11.6893	4.3365	9.9135	5.6779
TCGA.12.0618	4.9013	9.1358	8.4346	8.1952	6.2572	8.0385	7.3372	9.7692	9.5596	11.8882	4.7097	10.1893	6.9408
TCGA.12.1099	3.8924	8.9334	8.1143	8.3769	6.0601	7.0671	6.7893	9.2459	8.9044	11.4018	4.2563	9.55	5.5522
TCGA.12.1597	4.6803	7.9435	9.2443	7.9624	6.881	6.9791	6.3965	9.2716	8.5615	10.7963	4.398	9.3392	6.1684
TCGA.12.1602	4.5182	7.835	7.5187	7.956	7.1776	7.3062	5.9627	9.7307	8.889	11.3194	4.3125	9.218	5.3677
TCGA.12.3646	4.9576	8.5942	9.2299	8.6643	6.6416	7.1722	6.4731	10.0978	8.5006	11.3171	4.233	9.5419	6.1167
TCGA.12.3650	4.3881	8.479	9.3742	7.9296	6.3964	7.7849	6.7512	10.1293	8.4684	11.3887	4.3492	9.5038	6.5791
TCGA.14.0813	4.5789	9.235	7.2876	8.795	7.1644	6.964	7.126	9.8235	9.5112	11.0407	4.1633	9.1613	5.7922
TCGA.14.0865	5.2204	8.1123	9.297	9.1199	6.1631	7.8007	6.2894	10.0266	9.094	11.6726	4.8326	9.187	6.4389
TCGA.14.1401	4.8021	9.1251	8.257	8.4164	6.4537	7.884	6.4667	9.7629	9.248	11.5687	4.4513	9.5829	5.9633
TCGA.14.1451	4.2197	7.8439	8.4141	8.1782	6.1334	6.6402	5.6776	9.5742	9.1279	11.5966	4.2558	9.5975	5.7716
TCGA.14.1454	5.5306	9.8372	9.4576	9.2753	7.1144	8.2416	6.6223	10.4453	9.8433	12.2316	4.1986	9.842	6.6932
TCGA.14.1455	4.3819	8.2451	8.2462	8.4928	6.0624	7.5857	6.6707	9.8739	8.5452	11.7876	4.092	9.2952	6.0191
TCGA.14.1456	5.3242	8.185	8.2368	8.1404	6.243	7.296	6.4076	9.4943	9.4414	10.8668	4.2417	9.679	6.2465
TCGA.14.1458	4.8402	8.3284	7.6775	7.8535	6.2883	8.0177	6.963	9.5018	8.8883	10.8629	4.3193	8.8223	6.1487
TCGA.14.1794	5.3748	9.3474	8.1022	9.0381	6.6303	7.9563	7.003	10.0418	9.4307	11.8048	4.255	9.6854	6.1449
TCGA.14.1795	5.2851	9.0151	8.3423	8.5196	6.317	8.1327	6.7281	9.9624	9.229	11.6807	4.4354	9.3078	6.2307
TCGA.14.1821	5.7127	9.5865	9.3097	8.6014	7.4958	8.583	7.8377	10.3572	9.5291	11.8754	4.4363	10.1642	7.0963
TCGA.14.1825	4.5753	8.3569	8.1588	8.2435	5.8487	7.4791	6.3096	9.9921	9.0031	11.6437	4.1542	9.8445	6.4779
TCGA.14.3477	4.2617	9.0016	9.8225	7.7515	6.554	8.0936	6.1516	10.128	8.2667	11.4044	4.6999	9.659	6.8407
TCGA.14.4157	5.9465	9.8193	9.2653	7.9699	7.0375	8.9407	8.5532	10.2583	9.5945	11.8869	3.9474	9.448	6.6534
TCGA.15.1444	5.1846	8.5057	7.8922	7.8828	6.0894	7.1398	7.0623	9.6031	9.0466	11.7022	4.5754	10.2942	5.9341
TCGA.15.1447	5.2169	9.2615	8.5672	9.3199	7.3992	7.6934	6.5174	10.1509	9.4074	11.8681	4.1767	9.5023	5.7116
TCGA.15.1449	5.572	9.2248	8.6482	9.2407	7.14	7.9487	6.9816	10.3085	9.6105	11.822	4.3042	9.3905	5.9391
TCGA.16.0846	4.8798	9.6192	8.0472	8.4399	7.4244	7.3592	6.4574	9.9579	9.0841	10.9234	4.3561	9.6174	6.0849
TCGA.16.0848	4.9665	8.1108	7.815	8.2916	7.3698	7.4434	6.7885	9.6557	9.1999	11.3394	4.4829	9.8782	5.9043
TCGA.16.0849	4.616	9.3045	7.7742	8.8783	7.352	7.6332	5.6429	9.9759	9.2164	10.958	3.7077	9.5624	6.1347
TCGA.16.0850	4.6064	9.2261	8.4832	8.5037	7.051	8.1795	6.1531	9.75	8.8747	11.733	4.393	9.8343	6.1555
TCGA.16.1460	4.964	9.6441	8.0166	9.0392	5.8491	8.3391	7.3383	9.4636	8.831	11.5506	4.4087	9.1651	5.7419
TCGA.19.0957	5.1501	9.6913	8.9297	8.6049	6.587	7.8914	7.5191	9.6753	9.4882	11.7242	4.6588	9.8145	7.111
TCGA.19.0960	4.4838	9.1783	7.9402	8.0516	6.9717	7.4324	5.9797	9.0037	8.7282	10.8933	4.0826	10.5228	6.1147
TCGA.19.1387	4.7871	8.1354	7.1722	8.1693	6.2992	7.6796	6.7194	9.8063	9.0011	11.4443	4.0044	9.2672	5.5975
TCGA.19.1390	5.9679	8.8063	8.5993	8.3445	6.6484	8.2258	8.6547	10.3499	9.8319	12.2401	4.7151	10.3333	6.269
TCGA.19.1392	4.8251	8.631	8.7867	8.8518	6.6855	7.4809	6.7836	9.7933	9.0769	10.8873	4.3114	9.3932	6.6093
TCGA.19.1788	5.6653	9.7104	7.7842	8.4211	6.7417	8.1676	7.1277	9.6651	9.6913	11.5597	4.1557	9.5357	6.0036
TCGA.19.2624	6.1515	9.9538	9.3119	9.0369	7.5548	7.8808	7.6301	10.0668	9.4502	11.7236	4.3001	10.2234	6.8022
TCGA.19.2629	4.4431	8.0375	8.5028	7.79	7.0345	7.1544	6.9526	10.0271	9.396	11.4842	4.3792	9.582	6.3103
TCGA.19.5956	5.2473	8.7599	8.1937	8.4586	6.5659	7.3353	7.118	10.2404	9.3176	12.3286	4.9929	10.6344	5.889
TCGA.19.5960	4.7208	8.8294	8.7525	7.7813	6.3225	7.0092	8.3512	9.7383	9.0722	12.0707	4.2944	10.2508	6.4998
TCGA.26.1442	5.1696	9.1275	7.5163	8.6067	6.2515	7.526	7.9179	9.5007	8.8901	11.5354	4.4281	9.6178	6.1194
TCGA.26.5133	4.7985	8.4088	8.0442	7.3879	6.6356	7.7643	6.9861	10.0182	9.4612	11.616	4.4775	9.7132	6.1098
TCGA.26.5134	5.3962	9.4323	7.9668	8.6442	6.921	8.1433	7.0445	10.2446	9.7256	12.4145	4.5135	9.6879	6.009
TCGA.26.5135	4.7317	8.6469	8.088	8.416	6.9391	7.5142	6.69	9.7398	9.4784	12.0196	4.194	9.581	5.8758
TCGA.27.1830	5.076	9.2322	7.8677	7.9145	6.9029	7.5024	5.9099	9.6647	9.4963	11.7327	4.328	9.4766	5.9843
TCGA.27.1836	5.0962	8.2854	7.9331	8.1295	6.5797	7.7183	5.8211	10.2536	9.2177	11.246	4.5204	10.0389	5.7123
TCGA.27.2521	4.3711	8.2801	8.8166	8.5483	7.0684	7.4257	6.9289	9.3819	8.5844	11.0693	4.214	10.0903	6.2143
TCGA.28.1746	4.8821	9.3251	8.2879	8.7928	6.5924	8.1222	6.6977	9.8923	9.3607	12.2254	4.2451	9.5988	6.344
TCGA.28.1756	5.4268	9.8396	9.082	8.9407	6.6872	8.4485	7.9511	10.0762	9.5162	11.4345	4.4145	9.6763	6.627
TCGA.32.1973	4.657	8.6988	9.0919	8.4867	6.9524	8.6644	8.1029	9.3269	8.7218	11.5027	4.9974	9.4595	6.2604
TCGA.32.1976	5.1642	8.9909	8.8818	8.3797	6.7763	7.4468	7.5015	10.0975	9.7398	11.9022	4.5776	10.1511	6.6565
TCGA.32.2634	5.3276	8.4715	8.7654	8.0393	6.5088	7.2065	6.3827	10.2653	9.4205	11.5868	4.3944	9.765	6.0938
TCGA.32.4208	4.7231	8.31	7.9306	7.2699	5.7338	7.0602	6.8764	9.5809	8.7577	10.8186	4.4841	9.4775	5.621
TCGA.32.4210	4.652	8.5748	8.4688	8.1917	5.9462	7.6888	7.1646	9.5163	8.6223	11.5231	4.4077	9.4879	5.6032
TCGA.32.5222	4.906	8.1099	7.4005	8.4424	6.6651	7.6212	7.5129	9.9528	8.507	11.7599	4.7233	9.417	5.6949
TCGA.41.2571	5.0701	8.8789	8.3859	8.3443	6.763	7.4614	7.6526	9.9901	9.4019	11.3167	4.2599	9.2251	6.0786
TCGA.41.2573	4.402	8.3654	8.4344	8.4268	6.2902	7.1916	6.029	9.5211	8.8864	11.4917	4.0128	9.1356	5.942
TCGA.41.2575	5.1547	8.7681	9.1925	8.5515	6.0601	7.6674	7.0684	9.727	9.3861	10.4737	4.1182	9.3688	6.2698
TCGA.41.5651	4.8951	9.3237	8.2269	8.302	7.2326	7.9961	7.4722	9.9168	8.8598	12.0305	4.3676	10.7284	6.4254
TCGA.76.4925	4.7189	8.5757	8.7388	8.2939	6.7086	7.117	6.9119	9.3095	8.7304	11.8255	4.8426	10.0838	6.7198
TCGA.76.4932	4.9921	8.418	7.9327	7.0859	6.8526	7.605	7.2377	10.0194	9.5454	11.4772	4.4651	9.7766	6.2417
TCGA.76.4934	5.4162	9.6995	8.1665	8.6164	7.0012	8.1212	7.2123	10.3389	9.6158	12.395	4.2615	9.6744	6.2954
TCGA.76.4935	4.5589	8.5872	7.9538	8.5607	7.0886	7.8189	6.6079	9.885	9.3584	11.8032	4.5059	9.4307	5.9025
TCGA.76.6191	5.1029	9.0433	8.1302	7.5734	6.4191	7.4417	6.8129	10.2662	9.1533	12.1234	4.6693	9.8298	6.1522
TCGA.76.6192	4.8862	8.4919	7.1939	7.8675	6.275	7.1403	6.6621	9.5718	8.8387	11.7685	4.414	9.9536	5.7396
TCGA.76.6285	4.6084	8.8119	7.8206	7.4834	6.4339	7.077	6.2947	10.0495	9.0309	11.8829	4.5455	10.0791	6.0971
