gene1 0 10000 0
gene2 0 10000 0
gene3 0 10000 0
gene4 0 10000 1
gene5 0 10000 1
gene6 0 10000 1
gene7 0 10000 0
gene8 0 10000 0
gene9 0 10000 0
gene10 0 10000 0
gene11 0 10000 0
gene12 0 10000 0
gene13 0 10000 0
gene14 0 10000 0
gene15 0 10000 0
gene16 0 10000 0
gene17 0 10000 1
gene18 0 10000 0
gene19 0 10000 0
gene20 0 10000 0
gene21 0 10000 0
gene22 0 10000 0
gene23 0 10000 0
gene24 0 10000 0
gene25 0 10000 0
gene26 0 10000 0
gene27 0 10000 0
gene28 0 10000 0
gene29 0 10000 0
gene30 0 10000 0
gene31 0 10000 0
gene32 0 10000 0
gene33 0 10000 0
gene34 0 10000 0
gene35 0 10000 0
gene36 0 10000 0
gene37 0 10000 0
gene38 0 10000 0
gene39 0 10000 0
gene40 0 10000 0
gene41 0 10000 0
gene42 0 10000 0
gene43 0 10000 0
gene44 0 10000 0
gene45 0 10000 0
gene46 0 10000 0
gene47 0 10000 0
gene48 0 10000 0
gene49 0 10000 0
gene50 0 10000 0
gene94 0 10000 1
gene56 0 10000 0
gene98 0 10000 1
gene110 0 10000 0
gene124 0 10000 0
gene75 0 10000 0
gene106 0 10000 0
gene97 0 10000 1
gene67 0 10000 0
gene89 0 10000 0
gene104 0 10000 1
gene111 0 10000 0
gene120 0 10000 0
gene63 0 10000 0
gene96 0 10000 0
gene57 0 10000 1
gene126 0 10000 1
gene69 0 10000 0
gene84 0 10000 1
gene92 0 10000 0
gene90 0 10000 0
gene99 0 10000 0
gene76 0 10000 0
gene86 0 10000 0
gene78 0 10000 0
gene117 0 10000 1
gene54 0 10000 1
gene113 0 10000 0
gene121 0 10000 0
gene93 0 10000 0
gene87 0 10000 0
gene108 0 10000 0
gene109 0 10000 0
gene73 0 10000 0
gene52 0 10000 0
gene115 0 10000 0
gene66 0 10000 0
gene129 0 10000 1
gene116 0 10000 0
gene55 0 10000 0
gene83 0 10000 0
gene123 0 10000 0
gene64 0 10000 1
gene74 0 10000 0
gene79 0 10000 0
gene58 0 10000 0
gene71 0 10000 0
gene102 0 10000 1
gene72 0 10000 0
gene118 0 10000 1
gene61 0 10000 0
gene107 0 10000 0
gene103 0 10000 0
gene125 0 10000 1
gene122 0 10000 0
gene119 0 10000 0
gene70 0 10000 0
gene59 0 10000 0
gene105 0 10000 0
gene51 0 10000 0
gene80 0 10000 0
gene62 0 10000 0
gene82 0 10000 0
gene88 0 10000 0
gene114 0 10000 0
gene68 0 10000 0
gene127 0 10000 0
gene81 0 10000 1
gene101 0 10000 0
gene77 0 10000 0
gene60 0 10000 1
gene128 0 10000 1
gene112 0 10000 0
gene85 0 10000 0
gene53 0 10000 1
gene100 0 10000 0
gene91 0 10000 0
gene95 0 10000 0
gene65 0 10000 1
